<?xml version="1.0" encoding="UTF-8"?>
<!DOCTYPE svg PUBLIC "-//W3C//DTD SVG 1.1//EN" "http://www.w3.org/Graphics/SVG/1.1/DTD/svg11.dtd">
<svg version="1.1" xmlns="http://www.w3.org/2000/svg" xmlns:xlink="http://www.w3.org/1999/xlink" x="0" y="0" width="150" height="150" viewBox="0, 0, 150, 150">
  <g id="Layer_1">
    <path d="M104.587,20.796 L87.689,26.325 L92.775,35.966 C92.775,35.966 99.793,31.475 104.587,20.796" fill="#C5B7B0"/>
    <path d="M44.632,20.796 L61.531,26.325 L56.444,35.966 C56.444,35.966 49.424,31.475 44.632,20.796" fill="#8B8D89"/>
    <path d="M119,73.13 C119,95.036 99.006,127.231 74.345,127.231 C49.682,127.231 29.689,95.036 29.689,73.13 C29.689,51.224 49.682,33.465 74.345,33.465 C99.006,33.465 119,51.224 119,73.13" fill="#5F6360"/>
    <path d="M95.959,115.619 C104.713,101.852 108.924,75.299 108.025,63.914 C105.76,35.231 93.681,26.716 80.316,24.191 C78.31,23.812 76.314,23.649 74.345,23.647 L74.345,128 L75.249,128 C87.06,127.716 89.134,126.354 95.959,115.619" fill="#C5B7B0"/>
    <path d="M52.728,115.619 C43.976,101.852 39.764,75.299 40.663,63.914 C42.928,35.231 55.007,26.716 68.372,24.191 C70.379,23.812 72.374,23.649 74.343,23.647 L74.343,128 L73.44,128 C61.628,127.716 59.553,126.354 52.728,115.619" fill="#8B8D89"/>
    <path d="M87.969,35.231 C81.845,35.231 76.591,38.769 74.345,43.805 C72.095,38.769 66.842,35.231 60.717,35.231 C52.552,35.231 45.927,41.523 45.927,49.287 C45.927,57.047 52.552,63.338 60.717,63.338 C66.842,63.338 72.095,64.235 74.345,59.194 C76.591,64.235 81.845,63.338 87.969,63.338 C96.137,63.338 102.761,57.047 102.761,49.287 C102.761,41.523 96.137,35.231 87.969,35.231" fill="#F6EFE6"/>
    <path d="M71.722,59.92 L68.142,62.285 C66.701,63.236 66.244,65.229 67.129,66.715 L72.738,76.131 C73.178,76.872 73.761,77.243 74.345,77.243 L74.345,59.206 C73.395,59.206 72.445,59.444 71.722,59.92" fill="#303331"/>
    <path d="M75.95,76.131 L81.558,66.715 C82.443,65.229 81.986,63.236 80.546,62.285 L76.964,59.92 C76.244,59.444 75.295,59.206 74.345,59.206 L74.345,77.243 C74.926,77.243 75.509,76.872 75.95,76.131" fill="#303331"/>
    <path d="M70.321,49.193 C70.321,54.721 65.839,59.206 60.312,59.206 C54.781,59.206 50.298,54.721 50.298,49.193 C50.298,43.662 54.781,39.18 60.312,39.18 C65.839,39.181 70.321,43.662 70.321,49.193" fill="#DF7D41"/>
    <path d="M65.988,49.193 C65.988,52.329 63.446,54.871 60.312,54.871 C57.173,54.871 54.634,52.329 54.634,49.193 C54.634,46.058 57.173,43.515 60.312,43.515 C63.446,43.515 65.988,46.058 65.988,49.193" fill="#303331"/>
    <path d="M98.388,49.193 C98.388,54.721 93.905,59.206 88.377,59.206 C82.848,59.206 78.363,54.721 78.363,49.193 C78.363,43.662 82.848,39.181 88.377,39.181 C93.905,39.181 98.388,43.662 98.388,49.193" fill="#DF7D41"/>
    <path d="M94.214,49.193 C94.214,52.329 91.669,54.871 88.535,54.871 C85.398,54.871 82.857,52.329 82.857,49.193 C82.857,46.058 85.398,43.515 88.535,43.515 C91.669,43.515 94.214,46.058 94.214,49.193" fill="#303331"/>
    <path d="M64.602,47.228 C64.602,48.313 63.722,49.193 62.637,49.193 C61.552,49.193 60.672,48.313 60.672,47.228 C60.672,46.144 61.552,45.265 62.637,45.265 C63.722,45.265 64.602,46.144 64.602,47.228" fill="#FFFFFE" id="left-pupil"/>
    <path d="M92.77,47.228 C92.77,48.313 91.89,49.193 90.805,49.193 C89.72,49.193 88.84,48.313 88.84,47.228 C88.84,46.144 89.72,45.265 90.805,45.265 C91.89,45.265 92.77,46.144 92.77,47.228" fill="#FFFFFE" id="right-pupil"/>
    <path d="M67.25,75.264 C67.966,77.135 67.476,79.479 66.094,81.202 C64.707,82.944 62.491,84.041 60.112,84.024 C57.9,84.046 55.562,82.947 54.211,81.206 C52.827,79.483 52.337,77.135 53.059,75.264 C53.762,77.115 54.805,78.459 56.063,79.355 C57.331,80.257 58.685,80.691 60.196,80.696 C61.539,80.696 63.016,80.261 64.25,79.359 C65.51,78.463 66.551,77.115 67.25,75.264" fill="#5F6360"/>
    <path d="M81.441,75.264 C82.156,77.135 81.667,79.479 80.285,81.202 C78.897,82.944 76.682,84.041 74.303,84.024 C72.091,84.046 69.753,82.947 68.402,81.206 C67.018,79.483 66.53,77.135 67.25,75.264 C67.953,77.115 68.996,78.459 70.255,79.355 C71.523,80.257 72.877,80.691 74.388,80.696 C75.73,80.696 77.208,80.261 78.442,79.359 C79.701,78.463 80.743,77.115 81.441,75.264" fill="#5F6360"/>
    <path d="M60.179,84.236 C60.894,86.107 60.405,88.451 59.022,90.176 C57.635,91.917 55.42,93.014 53.04,92.995 C50.829,93.018 48.49,91.921 47.14,90.179 C45.756,88.455 45.265,86.107 45.987,84.236 C46.69,86.089 47.732,87.431 48.99,88.327 C50.261,89.227 51.614,89.664 53.125,89.668 C54.467,89.667 55.944,89.233 57.177,88.33 C58.438,87.434 59.479,86.089 60.179,84.236" fill="#5F6360"/>
    <path d="M74.369,84.236 C75.086,86.108 74.596,88.451 73.213,90.176 C71.826,91.917 69.61,93.014 67.232,92.995 C65.021,93.018 62.681,91.921 61.331,90.179 C59.947,88.455 59.458,86.107 60.179,84.236 C60.881,86.089 61.923,87.431 63.181,88.327 C64.453,89.227 65.806,89.664 67.317,89.668 C68.658,89.667 70.136,89.233 71.369,88.33 C72.631,87.434 73.67,86.089 74.369,84.236" fill="#5F6360"/>
    <path d="M88.514,84.236 C89.229,86.108 88.738,88.451 87.355,90.176 C85.969,91.917 83.755,93.014 81.374,92.995 C79.164,93.018 76.823,91.921 75.475,90.179 C74.091,88.456 73.601,86.108 74.32,84.236 C75.024,86.089 76.067,87.431 77.325,88.327 C78.595,89.227 79.949,89.664 81.459,89.668 C82.802,89.667 84.279,89.233 85.511,88.33 C86.771,87.434 87.813,86.089 88.514,84.236" fill="#5F6360"/>
    <path d="M102.704,84.236 C103.42,86.108 102.93,88.451 101.549,90.176 C100.161,91.917 97.946,93.014 95.567,92.995 C93.355,93.018 91.016,91.921 89.665,90.179 C88.281,88.456 87.791,86.108 88.514,84.236 C89.216,86.089 90.257,87.431 91.515,88.327 C92.786,89.227 94.139,89.664 95.651,89.668 C96.994,89.667 98.471,89.233 99.702,88.33 C100.964,87.434 102.004,86.089 102.704,84.236" fill="#5F6360"/>
    <path d="M74.345,102.304 C75.06,104.175 74.572,106.52 73.189,108.243 C71.803,109.985 69.587,111.082 67.207,111.064 C64.997,111.087 62.656,109.989 61.307,108.246 C59.923,106.524 59.434,104.175 60.154,102.304 C60.856,104.155 61.899,105.499 63.157,106.397 C64.428,107.297 65.782,107.73 67.291,107.736 C68.634,107.736 70.111,107.3 71.345,106.4 C72.606,105.503 73.646,104.155 74.345,102.304" fill="#5F6360"/>
    <path d="M81.441,111.124 C82.157,112.995 81.668,115.34 80.284,117.062 C78.898,118.805 76.682,119.901 74.303,119.884 C72.092,119.907 69.753,118.808 68.402,117.066 C67.019,115.344 66.529,112.995 67.25,111.124 C67.953,112.975 68.995,114.321 70.253,115.217 C71.525,116.117 72.878,116.551 74.388,116.556 C75.73,116.556 77.208,116.12 78.441,115.22 C79.701,114.323 80.742,112.975 81.441,111.124" fill="#5F6360"/>
    <path d="M88.537,102.304 C89.253,104.175 88.763,106.52 87.381,108.243 C85.993,109.985 83.779,111.082 81.398,111.064 C79.188,111.087 76.847,109.989 75.498,108.246 C74.115,106.524 73.625,104.175 74.345,102.304 C75.047,104.155 76.09,105.499 77.348,106.397 C78.619,107.297 79.973,107.73 81.483,107.736 C82.827,107.736 84.303,107.3 85.535,106.4 C86.797,105.503 87.837,104.155 88.537,102.304" fill="#5F6360"/>
    <path d="M95.631,75.264 C96.347,77.135 95.857,79.479 94.476,81.202 C93.088,82.944 90.873,84.041 88.494,84.024 C86.283,84.046 83.943,82.947 82.594,81.206 C81.21,79.483 80.721,77.135 81.441,75.264 C82.143,77.115 83.186,78.459 84.444,79.355 C85.713,80.257 87.068,80.691 88.578,80.696 C89.921,80.696 91.398,80.261 92.632,79.359 C93.892,78.463 94.933,77.115 95.631,75.264" fill="#5F6360"/>
    <path d="M67.25,93.484 C67.966,95.355 67.476,97.701 66.094,99.425 C64.707,101.165 62.491,102.262 60.112,102.242 C57.9,102.265 55.562,101.17 54.211,99.428 C52.827,97.705 52.337,95.355 53.059,93.484 C53.762,95.336 54.805,96.68 56.063,97.577 C57.331,98.477 58.685,98.91 60.196,98.917 C61.539,98.916 63.016,98.482 64.25,97.58 C65.51,96.683 66.551,95.336 67.25,93.484" fill="#5F6360"/>
    <path d="M81.441,93.484 C82.156,95.355 81.667,97.701 80.285,99.425 C78.897,101.165 76.682,102.262 74.303,102.242 C72.091,102.265 69.753,101.17 68.402,99.428 C67.018,97.705 66.53,95.355 67.25,93.484 C67.953,95.336 68.996,96.68 70.255,97.577 C71.523,98.477 72.877,98.91 74.388,98.917 C75.73,98.916 77.208,98.482 78.442,97.58 C79.701,96.683 80.743,95.336 81.441,93.484" fill="#5F6360"/>
    <path d="M95.631,93.484 C96.347,95.355 95.857,97.701 94.476,99.425 C93.088,101.165 90.873,102.262 88.494,102.242 C86.283,102.265 83.943,101.17 82.594,99.428 C81.21,97.705 80.721,95.355 81.441,93.484 C82.143,95.336 83.186,96.68 84.444,97.577 C85.713,98.477 87.068,98.91 88.578,98.917 C89.921,98.916 91.398,98.482 92.632,97.58 C93.892,96.683 94.933,95.336 95.631,93.484" fill="#5F6360"/>
  </g>
</svg>
